0.000000000000000000e+00 1.777719216748833110e-07
1.000000000000000021e-02 -1.270741505437407159e+00
2.999999999999999889e-02 -1.265754854431528020e+00
5.000000000000000278e-02 -1.260781943845990183e+00
1.000000000000000056e-01 -1.248409175059475684e+00
2.200000000000000011e-01 -1.219060822599671079e+00
4.600000000000000200e-01 -1.161835506179739186e+00
9.799999999999999822e-01 -1.044683289598909770e+00
2.089999999999999858e+00 -8.287569743625826657e-01
4.469999999999999751e+00 -5.296539664810882009e-01
1.000000000000000000e+01 -2.671549218960775351e-01
2.100000000000000000e+01 -1.308785196076141522e-01
4.500000000000000000e+01 -6.149478064791143173e-02
9.500000000000000000e+01 -2.917253630522568739e-02
2.030000000000000000e+02 -1.365677950802044079e-02
4.350000000000000000e+02 -6.373635750964430288e-03
9.310000000000000000e+02 -2.978062557253772710e-03
1.800000000000000000e+03 -1.540325212889024709e-03
3.000000000000000000e+03 -9.241958400612823067e-04
5.500000000000000000e+03 -5.041069753823836271e-04
1.000000000000000000e+04 -2.772588614136179612e-04
1.800000000000000000e+04 -1.540327049406014083e-04
3.000000000000000000e+04 -9.241962367669084193e-05
5.500000000000000000e+04 -5.041070397718047766e-05
1.000000000000000000e+05 -2.772588721239441215e-05
