0.000000000000000000e+00 -1.207106473378764422e+00
1.000000000000000021e-02 -1.204764710373949166e+00
2.999999999999999889e-02 -1.200094649757356802e+00
5.000000000000000278e-02 -1.195442012175121915e+00
1.000000000000000056e-01 -1.183886502633510140e+00
2.200000000000000011e-01 -1.156594942349226773e+00
4.600000000000000200e-01 -1.103864777782264328e+00
9.799999999999999822e-01 -9.978948921972121688e-01
2.089999999999999858e+00 -8.072617639096930642e-01
4.469999999999999751e+00 -5.333699648752443512e-01
1.000000000000000000e+01 -2.720859875587502419e-01
2.100000000000000000e+01 -1.333709874154253017e-01
4.500000000000000000e+01 -6.266871524359725332e-02
9.500000000000000000e+01 -2.972968494695843802e-02
2.030000000000000000e+02 -1.391762778956528133e-02
4.350000000000000000e+02 -6.495376594000178659e-03
9.310000000000000000e+02 -3.034945875821512800e-03
1.800000000000000000e+03 -1.569746654963984859e-03
3.000000000000000000e+03 -9.418487231180941704e-04
5.500000000000000000e+03 -5.137358262400036884e-04
1.000000000000000000e+04 -2.825547331468186642e-04
1.800000000000000000e+04 -1.569748644510534827e-04
3.000000000000000000e+04 -9.418492208462799040e-05
5.500000000000000000e+04 -5.137359405162995391e-05
1.000000000000000000e+05 -2.825551245132608343e-05
