0.000000000000000000e+00 -1.207106473378764422e+00
1.000000000000000021e-02 -1.204764710373948722e+00
2.999999999999999889e-02 -1.200094649757356358e+00
5.000000000000000278e-02 -1.195442012175122803e+00
1.000000000000000056e-01 -1.183886502633509474e+00
2.200000000000000011e-01 -1.156594942349226329e+00
4.600000000000000200e-01 -1.103864777782263884e+00
9.799999999999999822e-01 -9.978948921972121688e-01
2.089999999999999858e+00 -8.072617639096927311e-01
4.469999999999999751e+00 -5.333699648752430189e-01
1.000000000000000000e+01 -2.720859875587556265e-01
2.100000000000000000e+01 -1.333709874154324626e-01
4.500000000000000000e+01 -6.266871524359564349e-02
9.500000000000000000e+01 -2.972968494699765318e-02
2.030000000000000000e+02 -1.391762778937318673e-02
4.350000000000000000e+02 -6.495376593986133471e-03
9.310000000000000000e+02 -3.034945875854812986e-03
1.800000000000000000e+03 -1.569746654031440669e-03
3.000000000000000000e+03 -9.418487231714303036e-04
5.500000000000000000e+03 -5.137358321101317482e-04
1.000000000000000000e+04 -2.825547294720878429e-04
1.800000000000000000e+04 -1.569748594676107607e-04
3.000000000000000000e+04 -9.418489608337142266e-05
5.500000000000000000e+04 -5.137361924268726290e-05
1.000000000000000000e+05 -2.825550008198824997e-05
