0.000000000000000000e+00 -1.306562514051592183e+00
1.000000000000000021e-02 -1.304064198122228957e+00
2.999999999999999889e-02 -1.299077681930199901e+00
5.000000000000000278e-02 -1.294104653668894489e+00
1.000000000000000056e-01 -1.281731098946964575e+00
2.200000000000000011e-01 -1.252378707571356165e+00
4.600000000000000200e-01 -1.195134510751953094e+00
9.799999999999999822e-01 -1.077848880450983815e+00
2.089999999999999858e+00 -8.595341510701195453e-01
4.469999999999999751e+00 -5.445849272648426442e-01
1.000000000000000000e+01 -2.723143064626868393e-01
2.100000000000000000e+01 -1.333729316454216052e-01
4.500000000000000000e+01 -6.266872564054236372e-02
9.500000000000000000e+01 -2.972968500392040789e-02
2.030000000000000000e+02 -1.391762778974067923e-02
4.350000000000000000e+02 -6.495376594151744051e-03
9.310000000000000000e+02 -3.034945875374008353e-03
1.800000000000000000e+03 -1.569746654692884009e-03
3.000000000000000000e+03 -9.418487238411489245e-04
5.500000000000000000e+03 -5.137358245558167188e-04
1.000000000000000000e+04 -2.825547313300512788e-04
1.800000000000000000e+04 -1.569748476692830108e-04
3.000000000000000000e+04 -9.418491748652562821e-05
5.500000000000000000e+04 -5.137360202954017004e-05
1.000000000000000000e+05 -2.825548845507681411e-05
